              precision    recall  f1-score   support

          27     1.0000    1.0000    1.0000       750
          28     1.0000    1.0000    1.0000       678
          29     1.0000    1.0000    1.0000       681
          30     1.0000    1.0000    1.0000       665
          31     1.0000    1.0000    1.0000       714
          32     1.0000    1.0000    1.0000       647
          33     1.0000    1.0000    1.0000       643
          34     1.0000    1.0000    1.0000       663
          35     1.0000    1.0000    1.0000       519
          36     1.0000    1.0000    1.0000       556
          37     1.0000    1.0000    1.0000       664
          38     1.0000    1.0000    1.0000       574
          39     1.0000    1.0000    1.0000       711
          40     1.0000    1.0000    1.0000       535
          41     1.0000    1.0000    1.0000       547
          42     1.0000    1.0000    1.0000       638
          43     1.0000    1.0000    1.0000       668
          44     1.0000    1.0000    1.0000       597
          45     1.0000    1.0000    1.0000       693
          46     1.0000    1.0000    1.0000       596
          47     1.0000    1.0000    1.0000       613
          48     1.0000    1.0000    1.0000       645
          49     1.0000    1.0000    1.0000       653
          50     1.0000    1.0000    1.0000       549
          51     1.0000    1.0000    1.0000       648
          52     1.0000    1.0000    1.0000       633
          53     1.0000    1.0000    1.0000       553
          54     1.0000    1.0000    1.0000       678
          55     1.0000    1.0000    1.0000       654
          56     1.0000    1.0000    1.0000       373
          57     1.0000    1.0000    1.0000       536
          58     1.0000    1.0000    1.0000       604
          59     1.0000    1.0000    1.0000       557
          60     1.0000    1.0000    1.0000       591
          61     0.9942    1.0000    0.9971       682
          62     1.0000    0.9984    0.9992       639
          63     1.0000    0.9955    0.9978       673

    accuracy                         0.9998     23020
   macro avg     0.9998    0.9998    0.9998     23020
weighted avg     0.9998    0.9998    0.9998     23020
