              precision    recall  f1-score   support

           0     1.0000    1.0000    1.0000       386
           1     1.0000    1.0000    1.0000       321
           2     0.9947    1.0000    0.9974       377
           3     1.0000    0.9702    0.9849       403
           4     0.9688    1.0000    0.9842       311
           5     0.9808    0.9714    0.9761       210
           6     0.9951    0.9951    0.9951       409
           7     0.9946    1.0000    0.9973       365
           8     0.9951    0.9665    0.9806       418
           9     0.9704    1.0000    0.9850       393
          10     0.9894    1.0000    0.9947       372
          11     0.9691    0.9741    0.9716       386
          12     0.9799    0.9211    0.9496       317
          13     0.9607    1.0000    0.9800       269
          14     0.9775    0.9507    0.9639       365
          15     0.9413    0.9582    0.9497       335
          16     0.9717    0.9857    0.9786       279
          17     0.9226    0.9968    0.9583       311
          18     0.9882    0.8750    0.9282       384
          19     0.9361    0.9912    0.9629       340
          20     0.9829    0.9690    0.9759       355
          21     0.9693    0.9586    0.9639       362
          22     0.9802    1.0000    0.9900       397
          23     0.9527    1.0000    0.9758       322
          24     1.0000    0.9579    0.9785       475
          25     0.9874    1.0000    0.9937       313
          26     0.9913    0.9913    0.9913       344
          27     0.9866    0.9866    0.9866       298
          28     0.9971    1.0000    0.9985       343
          29     0.9947    0.9973    0.9960       377
          30     0.9920    0.9947    0.9934       376
          31     0.9877    0.9938    0.9907       323
          32     1.0000    0.9974    0.9987       390
          33     1.0000    0.9795    0.9896       390
          34     1.0000    1.0000    1.0000       434
          35     0.9953    1.0000    0.9977       426
          36     0.9891    1.0000    0.9945       363
          37     1.0000    1.0000    1.0000       362
          38     1.0000    1.0000    1.0000       440
          39     1.0000    1.0000    1.0000       339
          40     1.0000    1.0000    1.0000       269
          41     1.0000    1.0000    1.0000       250
          42     1.0000    1.0000    1.0000       323
          43     1.0000    1.0000    1.0000       329
          44     1.0000    1.0000    1.0000       329
          45     1.0000    1.0000    1.0000       304
          46     1.0000    1.0000    1.0000       279
          47     1.0000    1.0000    1.0000       362
          48     1.0000    1.0000    1.0000       309
          49     1.0000    1.0000    1.0000       325
          50     1.0000    1.0000    1.0000       279
          51     1.0000    1.0000    1.0000       374
          52     1.0000    1.0000    1.0000       363
          53     1.0000    1.0000    1.0000       323
          54     1.0000    1.0000    1.0000       272
          55     1.0000    1.0000    1.0000       377
          56     0.9946    0.9973    0.9959       369
          57     0.9953    0.9907    0.9930       216
          58     1.0000    1.0000    1.0000       310
          59     0.9967    1.0000    0.9983       298
          60     1.0000    0.9976    0.9988       418
          61     1.0000    1.0000    1.0000       373
          62     1.0000    1.0000    1.0000       307
          63     1.0000    0.9963    0.9982       272
          64     1.0000    0.9946    0.9973       371
          65     0.9968    1.0000    0.9984       310
          66     1.0000    1.0000    1.0000       326
          67     1.0000    1.0000    1.0000       358
          68     0.9959    1.0000    0.9979       484
          69     1.0000    1.0000    1.0000       414
          70     1.0000    1.0000    1.0000       491
          71     1.0000    0.9569    0.9780       534
          72     0.9518    0.9956    0.9732       456
          73     0.9971    1.0000    0.9985       338
          74     0.9944    1.0000    0.9972       353
          75     0.9898    0.9949    0.9923       391
          76     1.0000    0.8733    0.9324       513
          77     1.0000    0.9098    0.9528       510
          78     0.9921    0.9941    0.9931       507
          79     0.9876    0.9958    0.9917       479
          80     1.0000    0.9800    0.9899       451
          81     0.9949    0.9174    0.9546       642
          82     0.9817    0.9938    0.9878       487
          83     1.0000    0.9297    0.9636       427
          84     0.9803    0.9718    0.9760       461
          85     1.0000    0.8559    0.9224       472
          86     0.9178    0.9371    0.9273       572
          87     0.6865    0.9982    0.8135       542

    accuracy                         0.9822     32899
   macro avg     0.9863    0.9848    0.9849     32899
weighted avg     0.9847    0.9822    0.9826     32899
